0 15
1 12
2 9
3 11
4 13
5 14
6 4
7 9
8 11
9 17
10 11
11 7
12 12
13 12
14 15
15 10
16 9
17 13
18 8
19 10
20 13
21 6
22 16
23 14
24 12
25 17
26 21
27 10
28 16
29 14
30 12
31 13
32 10
33 8
34 7
35 13
36 20
37 19
38 16
39 14
40 11
41 11
42 13
43 10
44 11
45 8
46 11
47 10
48 12
49 4
50 9
51 4
52 13
53 8
54 11
55 12
56 11
57 8
58 8
59 7
60 5
61 7
62 2
63 7
64 6
65 7
66 6
67 9
68 7
69 10
70 5
71 6
72 9
73 5
74 3
75 1
76 2
77 7
78 6
79 5
80 4
81 4
82 8
83 1
84 8
85 2
86 3
87 2
88 5
89 5
90 5
91 8
92 3
93 6
94 3
95 4
96 4
97 3
98 4
99 3
100 2
101 1
102 3
103 0
104 3
105 5
106 1
107 4
108 1
109 3
110 3
111 3
112 1
113 3
114 1
115 3
116 0
117 1
118 2
119 2
120 3
121 1
122 1
123 3
124 1
125 2
126 2
127 2
128 1
129 2
130 0
131 0
132 0
133 2
134 1
135 0
136 5
137 0
138 0
139 1
140 1
141 0
142 1
143 1
144 0
145 0
146 1
147 3
148 0
149 1
150 1
151 1
152 0
153 2
154 0
155 0
156 0
157 2
158 1
159 0
160 0
161 2
162 1
163 0
164 0
165 1
166 1
167 0
168 1
169 0
170 0
171 0
172 3
173 0
174 0
175 1
176 0
177 1
178 0
179 3
180 2
181 0
182 0
183 1
184 1
185 0
186 0
187 1
188 0
189 1
190 0
191 0
192 1
193 0
194 0
195 1
196 1
197 0
198 0
199 0
200 2
201 0
202 0
203 0
204 0
205 0
206 0
207 0
208 0
209 0
210 0
211 0
212 0
213 0
214 0
215 0
216 0
217 1
218 0
219 1
220 0
221 0
222 0
223 0
224 0
225 0
226 0
227 0
228 0
229 0
230 1
231 0
232 0
233 0
234 0
235 0
236 0
237 0
238 0
239 1
240 0
241 0
242 0
243 0
244 1
245 0
246 0
247 1
248 0
249 0
250 0
251 1
252 0
253 0
254 0
255 0
256 0
257 0
258 0
259 1
260 1
261 0
262 1
263 0
264 1
265 0
266 0
267 0
268 0
269 1
270 1
271 0
272 0
273 0
274 1
275 0
276 0
277 0
278 1
279 0
280 0
281 0
282 1
283 1
284 0
285 0
286 0
287 0
288 1
289 1
290 0
291 0
292 0
293 0
294 0
295 0
296 0
297 0
298 0
299 0
300 0
301 0
302 0
303 0
304 1
305 0
306 0
307 0
308 0
309 0
310 0
311 0
312 0
313 0
314 0
315 0
316 0
317 1
318 0
319 2
320 0
321 0
322 0
323 0
324 0
325 0
326 1
327 0
328 1
329 0
330 0
331 0
332 0
333 0
334 0
335 0
336 0
337 0
338 0
339 0
340 0
341 0
342 0
343 0
344 0
345 0
346 0
347 0
348 0
349 0
350 0
351 0
352 0
353 0
354 0
355 0
356 0
357 0
358 0
359 0
360 0
361 0
362 0
363 0
364 0
365 0
366 0
367 0
368 0
369 0
370 0
371 1
372 0
373 0
374 0
375 0
376 0
377 0
378 0
379 0
380 0
381 0
382 0
383 0
384 0
385 0
386 1
387 0
388 0
389 0
390 0
391 0
392 0
393 0
394 0
395 0
396 0
397 0
398 0
399 0
400 0
401 0
402 0
403 0
404 0
405 0
406 0
407 1
408 0
409 0
410 0
411 0
412 0
413 0
414 0
415 0
416 0
417 0
418 0
419 0
420 0
421 0
422 0
423 0
424 0
425 0
426 0
427 0
428 0
429 0
430 0
431 0
432 0
433 0
434 0
435 0
436 0
437 0
438 0
439 0
440 0
441 0
442 0
443 0
444 0
445 0
446 0
447 0
448 0
449 0
450 0
451 0
452 0
453 0
454 0
455 0
456 0
457 0
458 0
459 0
460 0
461 1
462 0
463 0
464 0
465 0
466 0
467 0
468 0
469 0
470 0
471 0
472 0
473 0
474 0
475 0
476 0
477 0
478 0
479 0
480 0
481 0
482 0
483 1
484 0
485 1
486 0
487 0
488 0
489 0
490 0
491 0
492 0
493 0
494 0
495 0
496 0
497 0
498 0
499 0
500 0
501 0
502 0
503 0
504 0
505 0
506 0
507 0
508 0
509 0
510 0
511 0
512 0
513 0
514 0
515 0
516 0
517 0
518 0
519 0
520 0
521 0
522 0
523 0
524 0
525 0
526 0
527 0
528 0
529 0
530 0
531 1
532 0
533 0
534 0
535 0
536 0
537 0
538 1
539 0
540 0
541 0
542 0
543 0
544 0
545 0
546 0
547 0
548 0
549 0
550 0
551 0
552 0
553 0
554 0
555 0
556 0
557 0
558 0
559 0
560 0
561 0
562 0
563 0
564 0
565 0
566 0
567 0
568 0
569 0
570 0
571 0
572 0
573 0
574 0
575 0
576 0
577 0
578 0
579 1
